"barro" <-
structure(list(y.net = c(0.0415030398429979, 0.024243500680518, 
0.0071348080797466, 0.0464167036801284, 0.00125931830248263, 
0.0314173687898757, 0.017145642692485, 0.0223644678861655, -0.00066225407604934, 
0.0590091951613806, -0.00128206884290609, 0.0331840811900994, 
0.0211696165473859, 0.0499402604100517, -0.00461943569874057, 
0.0119726869712612, 0.0320454970648594, 0.0345550488537334, 0.0293247852112478, 
0.0473489739615201, 0.0153640345547236, 0.0230156361414188, 0.0127168944184862, 
0.0319054460593798, 0.0335481775114408, 0.0127083450793274, 0.0372709934719525, 
0.0154931015411140, 0.0187113004063885, 0.0309848367909041, 0.0636726999168347, 
-0.0119238918829903, 0.0314003026751555, 0.0523105133396053, 
0.0262717060378717, 0.0210080227042779, 0.0142987394210634, -9.55305429185316e-05, 
0.0104429850164873, 0.0463189292826005, 0.0538430217236043, 0.0216320798109727, 
0.0458778145981862, 0.063642978106011, -0.00454919244675631, 
0.0811466840860277, 0.0471609809559681, 0.0035291084090086, 0.0278273125968271, 
0.0108086325795571, 0.0601122087376924, 0.0613857059939804, 0.0397096858437648, 
0.0378120297765696, 0.0356135124983815, 0.0147284644834839, 0.0185919425548681, 
0.0390924003256416, 0.0330985358941328, 0.0231402219585561, 0.052778286136221, 
0.0399743375983318, 0.0371791099981110, 0.0327623906434422, 0.0345053380590516, 
0.0457114084519738, 0.02404724280397, 0.0146257404564784, 0.0201461219101684, 
0.0259065065653907, 0.0146759008062197, 0.0244463764668558, 0.00103627870355467, 
0.0511714117827106, 0.0432718608706753, -0.0114047506471295, 
0.0437467839194339, 0.0426942078777394, -0.0107630664192365, 
-0.0146783120289546, -0.00554298049393305, -0.0167722757372801, 
0, 0.0140741629074746, -0.0121736021142977, 0.0184238577783611, 
0.00218787213758072, -0.0236203438428819, 0.000683930365024121, 
-0.0134360694676197, 0.000164338574372991, 0.0300585477287689, 
-0.0406181697175017, -0.0353589620499195, -0.0457490262097445, 
-0.0108496510091264, 0.0144830947878456, 0.0239767102158233, 
0.00232893618798986, 0.00605644116830515, -0.0126048339797863, 
-0.00758435413352574, 0.00568424509403913, -0.0314344136293615, 
0.0130483884231598, -0.0383076894009934, 0.0188093149288883, 
0.0196484856783705, 0.0207133144998391, -0.0141315527388741, 
-0.00525070125099321, 0.0131833446008969, 0.0110935011356953, 
0.0171115994934919, 0.0095587514618555, -0.0561240483662424, 
0.0283263152313745, -0.0178552539006076, -0.0086743244530588, 
-0.0193249426997975, 0.0133019490898474, 0.0649164879525362, 
0.0227602867510974, 0.0552262813630164, -0.0227664062725527, 
-0.0294060571452947, 0.0111143732284159, 0.0337205594432673, 
0.0592503654780257, 0.0605042736628254, 0.0442351205118267, 0.0311719698937191, 
-0.0064291942416066, 0.0486151957944672, 0.0468517744871312, 
0.0138486682245492, 0.0570039787813442, 0.0374168101386250, 0.0304930742092296, 
0.0218188073417384, 0.0145665060970359, 0.0709422970200224, 0.0234481253622397, 
0.0213440612537511, 0.0151869242489084, 0.0214451468250651, 0.0174461198044565, 
0.0226788439494216, 0.0265922676225490, 0.0536341837779851, 0.0117826251801942, 
0.0357770041727871, 0.0139861430013903, 0.00196701330926068, 
0.0115569607880200, 0.0139475968409988, 0.00749884864309154, 
0.0213159438359151, 0.0161890504885893, 0.0076406620500304, -0.0128912446768227
), lgdp2 = c(7.3304052118444, 6.59167373200866, 6.43294009273918, 
6.93828448401696, 6.76619171466035, 6.39024066706535, 6.68710860786651, 
5.98896141688986, 6.40687998606931, 5.82008293035236, 7.00215595440362, 
5.91620206260743, 6.19847871649231, 7.10249935577465, 6.59441345974978, 
6.98933526597456, 6.8596149036542, 9.07577987858049, 7.77233157516961, 
7.10414409298753, 7.4265490723973, 7.47420480649612, 6.98841318199959, 
7.65822752616135, 8.10741881171997, 7.64060382639363, 7.56216163122565, 
9.35262087923295, 8.21959545417708, 7.1739583197568, 7.51316354523408, 
8.09101504171053, 7.48493028328966, 7.34858753092759, 7.17625453201714, 
7.7848892956551, 8.16791936295782, 8.89986721122359, 6.46925031679577, 
6.37842618365159, 7.98752447984877, 8.35819745992578, 8.4046961601891, 
8.41935983106747, 7.36137542897735, 6.94215670569947, 7.39817409297047, 
6.76041469108343, 7.11314210870709, 7.0975488506148, 7.57301725605255, 
7.47929963778283, 7.02108396428914, 8.72485755588199, 8.83287946027762, 
7.91388671485608, 9.04334083128001, 8.79890749208823, 8.92518842937803, 
8.99106433218846, 8.02747653086048, 8.25738565573044, 8.65834547117212, 
8.91072066195136, 8.86007342433278, 8.45212119467252, 9.14045424451202, 
9.3439092638976, 8.90340751993226, 9.101417964752, 9.11151401766929, 
7.74543561027438, 6.9622434642662, 7.20785987143248, 6.83410873881384, 
6.50428817353665, 7.40245152081824, 7.10085190894405, 6.53087762772588, 
6.77878489768518, 6.7044143549641, 6.85856503479136, 6.21260609575152, 
8.18674278711352, 6.40025744530882, 6.41017488196617, 6.98933526597456, 
6.98378996525813, 6.92755790627832, 6.24804287450843, 6.41017488196617, 
7.60190195987517, 6.54821910276237, 6.3985949345352, 7.10906213568717, 
7.1800698743028, 8.59230066390304, 9.42133036711782, 8.0655794272821, 
7.57763383260273, 7.58018941794454, 7.70436116791031, 7.11558212618445, 
7.97728198675515, 8.44290058683438, 7.7676872771869, 7.93487156594518, 
8.97739897818186, 9.5075518946441, 8.40670845824097, 7.48380668766583, 
8.14989054440242, 7.97177612288063, 7.79893331004122, 7.87169266432364, 
7.67600993202889, 7.43897159239586, 7.99496952269788, 8.31090675716845, 
8.8989119057944, 6.88448665204278, 8.62443194208584, 6.57368016696065, 
6.84161547647759, 8.52595469708481, 8.5745182580355, 8.86347430617095, 
9.05578961212758, 7.31588350450979, 7.75362354655975, 7.86978390253015, 
6.79570577517351, 7.39141523467536, 8.51998927871824, 7.20563517641036, 
8.17413934342947, 8.09315669772264, 7.41818082272679, 6.83947643822884, 
9.10297785364768, 9.18901458526143, 8.06117135969092, 9.2292602568287, 
9.18983149534464, 9.25617378831936, 9.22246655177402, 8.5552593922227, 
8.65712903171375, 9.03013657115323, 8.02256894698825, 9.23834456838578, 
9.2051268049233, 8.38251828808963, 8.90923527919226, 9.38092667255172, 
9.49016666846238, 7.95085485771999, 9.10486873903395, 9.3604830304059, 
9.25827302573149, 7.454719949364), mse2 = c(0.132, 0.439, 0.176, 
0.748, 0.551, 0.136, 0.278, 0.024, 0.092, 0.145, 0.132, 0.344, 
0.065, 0.274, 0.153, 0.376, 0.145, 2.478, 0.453, 0.287, 0.287, 
0.174, 0.221, 0.338, 0.484, 0.219, 0.892, 3.154, 0.785, 1.683, 
0.674, 1.126, 0.695, 0.512, 0.548, 0.699, 0.765, 0.462, 0.223, 
0.232, 0.318, 0.18, 1.476, 1.91, 0.675, 1.526, 0.843, 0.512, 
0.759, 1.537, 0.303, 1.36, 0.382, 1.087, 1.724, 1.281, 1.28, 
0.382, 0.749, 0.67, 0.779, 1.301, 1.184, 0.884, 1.026, 0.598, 
2.629, 1.818, 1.036, 2.541, 2.25, 0.276, 0.119, 0.193, 0.393, 
0.159, 0.694, 0.707, 0.314, 1.189, 0.155, 0.668, 0.164, 0.764, 
0.084, 0.137, 0.242, 0.55, 0.163, 0.257, 0.311, 0.54, 0.087, 
0.128, 0.42, 0.22, 2.833, 3.363, 0.758, 0.534, 0.43, 0.261, 0.319, 
0.646, 0.795, 0.324, 1.187, 1.22, 4.227, 0.936, 1.473, 0.645, 
1.222, 1.143, 0.745, 0.676, 0.768, 1.129, 1.134, 0.85, 0.488, 
2.369, 0.713, 0.496, 0.811, 0.723, 1.837, 2.121, 1.205, 2.369, 
1.255, 1.039, 1.049, 1.427, 2.022, 0.761, 1.629, 0.451, 0.062, 
3.521, 2.161, 2.345, 1.732, 0.946, 1.21, 0.776, 1.22, 1.567, 
1.579, 1.019, 2.494, 4.151, 0.694, 1.147, 2.664, 1.453, 0.609, 
1.92, 3.061, 3.235, 0.136),