"engel" <-
structure(list(x = c(420.157650843928, 541.411706721205, 901.157456651663, 
639.08022868883, 750.875605828476, 945.7989310482, 829.397886847186, 
979.164835837914, 1309.87894037831, 1492.39874437426, 502.838980218067, 
616.71684724229, 790.922511291545, 555.878641643074, 713.44118368415, 
838.756132722629, 535.076645900387, 596.440805359932, 924.561896582212, 
487.758301817955, 692.639734238467, 997.876977824175, 506.999491179525, 
654.158711401758, 933.919270183382, 433.681329252018, 587.596213341684, 
896.474635643808, 454.478223782524, 584.998919370362, 800.799016617394, 
502.436869899465, 713.519666530832, 906.000628725279, 880.596923786325, 
796.828919368547, 854.87905261442, 1167.37159427026, 523.800035579844, 
670.779185433114, 377.058368850099, 851.543001748297, 1121.09369365137, 
625.517933400268, 805.537696174017, 558.581201465033, 884.400487319312, 
1257.49886576834, 2051.17894099901, 1466.33299214604, 730.098896774438, 
800.799016617394, 1245.69638760971, 1201.00021368196, 634.400209148622, 
956.231463138833, 1148.60104702955, 1768.82364982203, 2822.53303466609, 
922.354832141967, 2293.19197144236, 627.472597042135, 889.980898378682, 
1162.19995392922, 1197.07935707754, 530.797185462728, 1142.15259256708, 
1088.00388697846, 484.661156316503, 1536.02010067662, 678.897392141278, 
671.880165854403, 690.468256477202, 860.694825783725, 873.309484596291, 
894.459835214087, 1148.64699199033, 926.876192988813, 839.041358293354, 
829.49742056551, 1264.00432957802, 1937.97714636527, 698.831741432851, 
920.419919363967, 1897.57113999412, 891.682386298282, 889.6783563083, 
1221.48181114807, 544.599139402161, 1031.44911476975, 1462.94967217323, 
830.435282442915, 975.04146665886, 1337.99833996025, 867.64270523161, 
725.745933703277, 989.005606041026, 1525.00047421177, 672.196023753147, 
923.397682201603, 472.321548280698, 590.760092419618, 940.921768902254, 
643.357141462033, 2551.66151377579, 1795.32258882792, 1165.77339020587, 
815.62117431089, 1264.20658645087, 1095.40561684263, 447.447852411217, 
1178.97417954918, 975.802295687602, 1017.85220007186, 423.879832013577, 
558.776739102636, 943.248718270872, 1348.30024452767, 2340.61735387973, 
587.179168098792, 1540.97405699008, 1115.84807481956, 1044.68428590432, 
1389.79286912095, 2497.78595383858, 1585.38094296753, 1862.04383602348, 
2008.8546243469, 697.309947594492, 571.251746766114, 598.346489479165, 
461.097722534667, 977.110747230569, 883.984916757004, 718.359399343153, 
543.897059451262, 1587.34803468162, 4957.81302447901, 969.68376220836, 
419.998021268147, 561.998960360707, 689.598814337616, 1398.5202607169, 
820.816847571835, 875.171616264683, 1392.44991016741, 1256.31737222348, 
1362.85902988814, 1999.25521962472, 1209.47299210597, 1125.0356465964, 
1827.40096749065, 1014.15395295671, 880.394409783857, 2432.39099224122, 
1177.85468592228, 1222.5938655042, 1519.58112468928, 687.663761691575, 
953.11922427465, 953.11922427465, 953.11922427465, 939.04180595405, 
1283.40245730726, 1511.57888086542, 1342.58212809281, 511.797991841133, 
689.798826994207, 1532.30742618103, 1056.08082482784, 387.319525632704, 
387.319525632704, 410.998678844171, 832.755431984518, 614.998605300573, 
887.465812960725, 1024.81767735549, 1006.43533940422, 725.999989237198, 
494.417350707113, 748.641327251627, 987.64171960278, 788.09607104789, 
831.79831368624, 1139.49447493599, 507.516894491359, 576.197221195524, 
696.59905406528, 650.817978373872, 949.580207412905, 497.119281341608, 
570.167398903935, 724.730600295316, 408.339934376479, 638.671348198183, 
1225.78900333424, 715.370077715236, 800.470756318541, 975.597398720442, 
1613.75654835121, 608.501878790717, 958.663378279956, 835.942641428986, 
873.737511101673, 951.44320976533, 473.002181248345, 601.003044352051, 
713.99788489267, 829.29836507219, 959.795268750367, 1212.96129506839, 
958.874307424532, 1129.44314702273, 1943.04187331083, 539.638785503439, 
463.599021125583, 562.640004501253, 736.758383070776, 1415.44606403432, 
2208.78970565549, 636.000913716338, 759.401026863119, 1078.83819961899, 
499.751012804117, 1020.02253584507, 1595.1610788589, 776.595792938105, 
1230.92352504251, 1807.95201459536, 415.440747985411, 440.51742415637, 
541.200597324592, 581.35989168777, 743.077242789534, 1057.67671146451
),